alpha=0.500000
beta=0.100000
ntopics=100
ndocs=2500
nwords=12000
liter=1
